69.00 84.00
70.00 97.00
71.00 106.00
73.00 116.00
77.00 127.00
85.00 137.00
95.00 144.00
106.00 149.00
113.00 154.00
116.00 149.00
112.00 141.00
106.00 131.00
101.00 120.00
99.00 109.00
99.00 98.00
99.00 87.00
99.00 76.00
105.00 71.00
113.00 67.00
120.00 66.00
124.00 66.00
129.00 67.00
137.00 66.00
137.00 63.00
137.00 63.00
134.00 63.00
130.00 66.00
134.00 80.00
137.00 88.00
142.00 97.00
142.00 102.00
129.00 109.00
133.00 109.00
134.00 109.00
136.00 108.00
134.00 108.00
112.00 81.00
117.00 78.00
120.00 78.00
120.00 80.00
120.00 83.00
116.00 84.00
127.00 78.00
130.00 74.00
133.00 74.00
130.00 77.00
131.00 78.00
130.00 78.00
117.00 126.00
127.00 120.00
134.00 117.00
136.00 117.00
137.00 117.00
134.00 120.00
130.00 123.00
131.00 129.00
131.00 131.00
130.00 133.00
127.00 133.00
124.00 130.00
119.00 124.00
130.00 123.00
133.00 122.00
134.00 122.00
130.00 123.00
131.00 126.00
130.00 127.00
129.00 127.00
